permittivity_0 = 8.85418782*1e-12;