permittivity_0 = 8.85418782*1e-12;
k_boltzmann = 1.38064852 * 1e-23;